1007192813918715
181904865733929
874830280513694
301874139496869
6245892448091
288938999767744
845371937370415
941836285570908
1000640263075179
774567250961638
673248538473446
109717513902256
1090612367500070
1003321433110797
744240132302375
735277005965228
746516301835984
103500302448302
960092627089405
191350440043873
1021552762346918
655308009264979
938114788562513
1039556508207024
1041058473720894
420227186363268
140208949098920
321770645066726
1231033617359604
565020754916520
385782881077208
636447395425906
1038020400602771
219032881935573
483557569731124
1086657992616181
701920037651709
632402371648573
1206437971460793
783543233381927
320997587133790
475003992025384
1120931501395941
1080141744526675
808094132617895
523574865628789
334589751015165
827717478838786
461645654360697
1039919896737679
697794291439994
790870503684748
1209716799745833
364147580713325
518561817006876
1202175698172779
740020363196584
308164012228657
1181594183391757
799363621442568
397821665416687
317209515480295
1202977088760491
402233813771026
1079799163751011
8459224140172
1251157788094264
28591635122442
319210772781227
191288806610839
138870578604505
1134379427752912
661282300361056
48198740377235
880919257488691
491745966192486
915981880684969
1121588883196728
936623395255439
388703399966953
759186416913487
848924928692522
685330409139972
1104826719375924
1195700107552368
283001817272972
567920074320486
290093959485551
254917244457118
880529579585115
558841325151724
1094450627307487
794374503713700
539600323725622
212354906433999
184736772044343
628439602746718
998490438212064
1114124737456491
200220128805800
